fitness: 9.628902037481033e-08
values: [0.871880296842188, 0.7474543948771973, 0.15351063795755668, 0.4021188583347532, 0.36408708575452836, 0.745942801861181, 0.09417535784879813, -0.18926691644651164, 0.1269197876451952, 0.27052302400425543, -0.1341965056043528, -0.3790838333981099, 0.12319700426864418, 0.738414599820505, 0.09390100511633598, -0.21160794857985166, 0.8768997196721617, 0.25285719946149937, -0.07658694719599539, 0.1765965439730708, 0.37919035418472874, 0.26580610881781225, 0.28103636161371987, -0.5744615404824368, 0.6206404922758645, 0.7448781927681477, -0.09103691218803027, 0.1926961746798976, 0.6278251299742069, 0.24789190522763346, 0.06879825375832566, 0.23607192061080196, -5.65333563008524, 3.539195224055634, 4.806957030676824, -4.5787202269658795, 5.690437098994337, -4.437373409660526, 6.971763025377763, 0.854790739951975, 3.2974288706618284, -10.92274054121612, 8.460373245917042, 2.2144356533629304, 0.4845538926398332, 2.982935522286615, 3.4458670130130695, -9.849117907382915, 3.906906401267166, 7.947561850872423, -6.963404796812804, 4.804060559296986, -7.198038278867015, 2.5074528270918783, -8.325397331370823, 3.271157081338222, 2.3192665909194607, 4.224522053072052, -3.449852741811186, 1.5911513377026973, -4.980652508119755, 0.10759217512031861, -7.877907340569448, 7.140215508361791, 14.829909610421522, 5.161871421931103, -15.765616284369365, -12.409623779535405, -30.5228339377289, 10.792192114434142, 9.030490018995588, 1.6507644484702313, 1.2722205551592123, -23.590259501653318, 3.955745602632988, 12.638595381078947]