fitness: 9.992856733498905e-08
values: [0.13097906082275665, 0.266266836074276, 0.11749185338950978, 0.24654126593086984, 0.12782407416328434, 0.7411576091786676, -0.09593444441676535, 0.1949629027291016, 0.37758105610934856, 0.26269457559122433, 0.08916208269967182, 0.22156677590231566, 0.3718463198904148, 0.7388380416781534, 0.0885566655937955, 0.22836384781486418, 0.6296473637793707, -0.26121674026931574, 0.10361380894192361, -0.2487590593174898, 0.6237505017641237, 0.7395735818485183, 0.1011605299828382, 0.2138764876290365, 0.8705504659125491, 0.25935166268711346, 0.10374559280956698, -0.20199983223375123, 0.8679498204047134, 0.7343524747531631, -0.13610850985720582, -0.24484103523516795, 42.885523704222955, 30.80426839641577, -26.641975312519893, -20.174324326932215, -41.3003333593108, 61.4294902128212, 45.03721056469344, -39.55143343647843, -38.657463081690516, 45.9677442846523, 61.40492577435455, -44.811894520085374, -18.395635727728994, -27.818918551958458, -28.88113959588176, 42.60511240118194, -23.251616337022327, -16.8038644269979, 100.10734795010576, 60.34484280588046, -56.55525177324506, 34.07690427598545, 19.13913862868018, 21.54103808619035]