fitness: 9.961888213493384e-08
values: [0.13739391313494273, 0.2491119907973972, -0.10898411798496764, -0.17834987766921168, 0.5951899759591625, 0.7462379522014531, 0.06425775567186717, 0.49593374732370915, 0.8748661188138257, 0.23629525031169307, -0.1370994798321767, 0.08269225821067644, 0.5461858119421933, 0.25472474471119905, -0.21484081908572444, -0.4771411504329601, 0.11772237343583104, 0.2920383344836824, -0.18531282083795625, 0.5872177573842784, 0.3378359597715847, 0.7039550870403213, 0.15073374040893267, 2.0313242040360753, 13.21556593428822, 11.235159142131522, 7.856160991377508, -10.536007684511334, 2.313880958779466, -13.188514453757966, -4.5776441792606395, -4.760783704519355, -2.5194200232002366, 2.8590566578540346, 0.045654771086561526, -2.2623060362619283, 14.064258727455844, -6.186498796412531, -5.487387796363517, -2.43401298322669, 13.424791145736789, -6.900938256997137, 7.927348308074626, -11.0341900258055, -5.43911855687024, 9.60630978187552, -4.0849129616595885, 3.0008074659851847, 52.11822235573, -18.57610759896962, -11.511272545437283, -23.0884157803563, -30.221969364238305, 98.73126944266704, 40.576236990149674, -26.632520341367677, -28.87356574217432, 0.7057899548512272, -57.37847028419907, 29.34733476649371]