fitness: 9.979518152052073e-08
values: [0.12937267596374433, 0.7401763952925181, -0.09127738227633031, -0.19505752028629972, 0.13205884596633707, 0.2667602109431217, -0.1321674733876748, -0.2704135233863237, 0.6280776491144066, 0.260026064195881, -0.11161977414174885, 0.2592010076189841, 0.3767745166897785, 0.2608986190596084, 0.10807162418773346, 0.21803811799276246, 0.8707542175940316, 0.2587924068614029, 0.11120820379407899, -0.21473217899309527, 0.6206611817419758, 0.7388382816974729, 0.08814047805794382, -0.21017314684799845, 0.36997738147456777, 0.7382840299047242, 0.10987695991563799, 0.27223841461853976, 0.869449492268198, 0.7333688356732344, 0.12498712537837031, -0.24952055287879507, -30.046658962251055, 42.95089249151589, -43.21160106706977, -25.082033450009916, 46.14070837447689, 63.29247639459197, -20.292534957791872, -38.50751597445192, 48.30798004411261, -40.33074212644801, -19.44460645819805, 62.34163614040877, -30.138959661417477, -27.55236927364513, -39.64195393307985, 44.031742067643435, -19.44454741995507, -21.506056723574563, 57.606784094292586, -36.92957244751237, -19.43881717190389, -36.482357645847955, 55.25367727179696, -21.378611872296737]